0.5 0.3; 50.77433035 -52.03076076 -71.1548584; 0.2 0.2 0.2
0.5 0.3; 12.34942288 -11.81147518 -99.23180608; 0.2 0.2 0.2
0.5 0.3; 25.70239365 -11.96568234 -81.08341847; 0.2 0.2 0.2
0.5 0.3; 149.34463273 44.71974782 100.85006563; 0.2 0.2 0.2
0.5 0.3; 24.90005993 -28.20930165 -86.4584107; 0.2 0.2 0.2
0.5 0.3; 155.3184667 41.38708069 91.84416658; 0.2 0.2 0.2
0.5 0.3; 145.57866316 38.31484352 91.78899001; 0.2 0.2 0.2
0.5 0.3; 14.88965604 -22.27149736 -104.15821985; 0.2 0.2 0.2
0.5 0.3; 159.07257506 25.43654334 122.33209215; 0.2 0.2 0.2
0.5 0.3; 155.29607984 21.57693497 133.72932505; 0.2 0.2 0.2
0.5 0.3; 148.03659373 44.11581468 91.84511174; 0.2 0.2 0.2
0.5 0.3; 17.38534677 -13.4795565 -89.44411402; 0.2 0.2 0.2
0.5 0.3; 156.6661967 35.9398769 74.02556011; 0.2 0.2 0.2
0.5 0.3; 155.77522144 32.8854811 72.00118758; 0.2 0.2 0.2
0.5 0.3; 17.16143862 -5.91416131 -110.05772915; 0.2 0.2 0.2
0.5 0.3; 14.74884393 -44.50035508 -69.62082588; 0.2 0.2 0.2
0.5 0.3; 36.26265647 -32.14689855 -85.65932604; 0.2 0.2 0.2
0.5 0.3; 147.85774417 30.00268846 82.91785763; 0.2 0.2 0.2
0.5 0.3; 147.90347761 29.59844332 133.81826131; 0.2 0.2 0.2
0.5 0.3; 3.84751894 2.9605421 -115.12110025; 0.2 0.2 0.2
0.5 0.3; 16.88920922 -50.4499566 -88.21348567; 0.2 0.2 0.2
0.5 0.3; 171.95095427 39.25763231 73.77030917; 0.2 0.2 0.2
0.5 0.3; 48.08883886 -34.04407588 -85.15567487; 0.2 0.2 0.2
0.5 0.3; 168.8893327 28.3187047 106.4322364; 0.2 0.2 0.2
0.5 0.3; 23.3918837 -20.53659489 -82.46007821; 0.2 0.2 0.2
0.5 0.3; 143.36849775 36.48968626 123.9124989; 0.2 0.2 0.2
0.5 0.3; 149.67077821 31.40905247 109.86776912; 0.2 0.2 0.2
0.5 0.3; 38.42769189 -22.44636604 -92.30405321; 0.2 0.2 0.2
0.5 0.3; 52.6313346 -19.49944141 -77.19154343; 0.2 0.2 0.2
0.5 0.3; 148.26594025 25.80261136 98.23054711; 0.2 0.2 0.2
0.5 0.3; -0.32203871 1.43567614 -105.66513996; 0.2 0.2 0.2
0.5 0.3; 139.94890507 11.79513244 127.62356889; 0.2 0.2 0.2
0.5 0.3; 151.45399359 43.80005306 97.16004328; 0.2 0.2 0.2
0.5 0.3; 162.06312541 44.89080556 112.78812375; 0.2 0.2 0.2
0.5 0.3; 142.65387279 55.7173152 119.4876332; 0.2 0.2 0.2
0.5 0.3; 5.51264453 10.40927762 -107.24461691; 0.2 0.2 0.2
0.5 0.3; 164.7454544 16.52155471 67.96687064; 0.2 0.2 0.2
0.5 0.3; 168.19436476 51.57333044 73.61856209; 0.2 0.2 0.2
0.5 0.3; 26.79616681 -17.04605161 -63.68424753; 0.2 0.2 0.2
0.5 0.3; 154.78871808 19.90738259 122.17895801; 0.2 0.2 0.2
0.5 0.3; 161.37539006 21.97360034 125.87802204; 0.2 0.2 0.2
0.5 0.3; 155.26817157 4.96440499 70.69998225; 0.2 0.2 0.2
0.5 0.3; 15.72962945 -17.97061522 -70.79083423; 0.2 0.2 0.2
0.5 0.3; 40.57159167 -7.34427217 -82.63007897; 0.2 0.2 0.2
0.5 0.3; 52.78655292 -16.23635993 -80.51573825; 0.2 0.2 0.2
0.5 0.3; 27.12388488 -8.75573373 -95.44012272; 0.2 0.2 0.2
0.5 0.3; 1.39357175 -3.82707413 -127.39697892; 0.2 0.2 0.2
0.5 0.3; 157.94183487 36.50805181 113.27886058; 0.2 0.2 0.2
0.5 0.3; 156.58747041 24.1546908 87.33074179; 0.2 0.2 0.2
0.5 0.3; 158.48315749 29.57456725 100.62676518; 0.2 0.2 0.2
0.5 0.3; 58.33356478 -34.12561201 -103.88843081; 0.2 0.2 0.2
0.5 0.3; 174.6688872 6.5952193 84.63628525; 0.2 0.2 0.2
0.5 0.3; 17.81140502 -24.36084356 -103.4624085; 0.2 0.2 0.2
0.5 0.3; 44.1587091 -24.49372657 -73.32350307; 0.2 0.2 0.2
0.5 0.3; 57.05673435 -44.97128181 -80.55923375; 0.2 0.2 0.2
0.5 0.3; 42.38062155 2.35477299 -66.01156741; 0.2 0.2 0.2
0.5 0.3; 18.71357822 3.25239772 -97.25485642; 0.2 0.2 0.2
0.5 0.3; 63.97206829 -55.61755883 -87.28647737; 0.2 0.2 0.2
0.5 0.3; 15.71445662 -4.92088743 -119.89765389; 0.2 0.2 0.2
0.5 0.3; 18.54649568 -11.77219338 -109.09591763; 0.2 0.2 0.2
0.5 0.3; 2.17713507 -12.99557984 -101.08917835; 0.2 0.2 0.2
0.5 0.3; 56.16282112 13.15997629 -43.51067879; 0.2 0.2 0.2
0.5 0.3; 154.76635419 22.99931273 111.61567417; 0.2 0.2 0.2
0.5 0.3; 41.39328317 -29.33414541 -105.96067207; 0.2 0.2 0.2
0.5 0.3; 46.10060777 -22.294642 -64.30857902; 0.2 0.2 0.2
0.5 0.3; 40.8566146 -21.11683933 -76.49925378; 0.2 0.2 0.2
0.5 0.3; 140.7362773 18.15720684 126.68715117; 0.2 0.2 0.2
0.5 0.3; 160.48106067 31.0659697 129.22922286; 0.2 0.2 0.2
0.5 0.3; 141.64174747 17.00895237 109.63779367; 0.2 0.2 0.2
0.5 0.3; 149.78004278 33.36691889 53.43598653; 0.2 0.2 0.2
0.5 0.3; 33.37161071 -10.90308376 -84.29401342; 0.2 0.2 0.2
0.5 0.3; -180.0 25.46220487 106.68672463; 0.2 0.2 0.2
0.5 0.3; 158.25600616 54.29574312 105.75862408; 0.2 0.2 0.2
0.5 0.3; 28.13462203 -29.86932306 -93.63589077; 0.2 0.2 0.2
0.5 0.3; 19.38814649 -24.78743688 -98.60303503; 0.2 0.2 0.2
0.5 0.3; 155.29835199 13.07858632 128.78576163; 0.2 0.2 0.2
0.5 0.3; 21.71088351 -24.63416874 -98.9634374; 0.2 0.2 0.2
0.5 0.3; 10.04100324 -4.63527347 -102.68397085; 0.2 0.2 0.2
0.5 0.3; 160.7746261 12.2981171 103.28132135; 0.2 0.2 0.2
0.5 0.3; 37.23630702 -18.70973423 -101.9911766; 0.2 0.2 0.2
0.5 0.3; 155.01250028 4.27141517 121.17082691; 0.2 0.2 0.2
0.5 0.3; -180.0 28.64382272 119.16368353; 0.2 0.2 0.2
0.5 0.3; 19.27418212 13.35748487 -82.89342754; 0.2 0.2 0.2
0.5 0.3; 53.88109772 -21.25845841 -116.65812097; 0.2 0.2 0.2
0.5 0.3; 157.63865811 36.78487618 53.54641236; 0.2 0.2 0.2
0.5 0.3; 171.93685359 16.53362791 125.28985688; 0.2 0.2 0.2
0.5 0.3; 162.67494324 8.24799562 121.5413669; 0.2 0.2 0.2
0.5 0.3; 24.13781098 11.20084858 -119.83617881; 0.2 0.2 0.2
0.5 0.3; 176.74112411 1.53030676 66.97488636; 0.2 0.2 0.2
0.5 0.3; 21.95861128 -47.02893125 -91.06059803; 0.2 0.2 0.2
0.5 0.3; 171.59770419 0.09918764 117.63308385; 0.2 0.2 0.2
0.5 0.3; 20.28328027 -17.11775089 -85.92034497; 0.2 0.2 0.2
0.5 0.3; 169.4615489 -10.96988194 119.28564026; 0.2 0.2 0.2
0.5 0.3; 46.04001322 -35.29537023 -82.83450829; 0.2 0.2 0.2
0.5 0.3; 154.3358834 9.15418279 124.33292963; 0.2 0.2 0.2
0.5 0.3; 19.38369271 -17.69507176 -89.79856373; 0.2 0.2 0.2
0.5 0.3; 15.77411819 -9.98889042 -114.05158917; 0.2 0.2 0.2
0.5 0.3; 40.98279569 20.54858672 -71.03444363; 0.2 0.2 0.2
0.5 0.3; 35.61797558 0.13033755 -129.44619828; 0.2 0.2 0.2
0.5 0.3; 169.94768456 36.56288356 62.20751363; 0.2 0.2 0.2
0.5 0.3; 21.11574307 -12.76386788 -100.6978046; 0.2 0.2 0.2
0.5 0.3; 20.48056921 -11.03592938 -105.15584275; 0.2 0.2 0.2
0.5 0.3; 19.46999932 -16.15055318 -128.67365221; 0.2 0.2 0.2
0.5 0.3; 8.23690869 -36.30017535 -67.59707513; 0.2 0.2 0.2
0.5 0.3; 167.40291045 16.75768877 64.28203752; 0.2 0.2 0.2
0.5 0.3; 164.60385666 31.0571747 90.34688052; 0.2 0.2 0.2
0.5 0.3; 167.47917679 25.64188494 71.51374488; 0.2 0.2 0.2
0.5 0.3; 177.10689256 23.77395553 87.11129215; 0.2 0.2 0.2
0.5 0.3; 159.43422709 24.20577208 57.73289638; 0.2 0.2 0.2
0.5 0.3; 20.2709719 -2.16252577 -111.79571136; 0.2 0.2 0.2
0.5 0.3; 152.00304574 -2.55089294 128.80502014; 0.2 0.2 0.2
0.5 0.3; 163.3050407 27.12182509 108.36215161; 0.2 0.2 0.2
0.5 0.3; 19.94028281 22.03977826 -78.91065729; 0.2 0.2 0.2
0.5 0.3; 139.46278382 50.92710409 99.5371552; 0.2 0.2 0.2
0.5 0.3; 58.85920099 -9.12969421 -55.37076696; 0.2 0.2 0.2
0.5 0.3; 44.5452624 -45.56616073 -75.24339574; 0.2 0.2 0.2
0.5 0.3; 150.8371675 19.84141896 120.85520319; 0.2 0.2 0.2
0.5 0.3; 162.69122704 -8.21309889 104.33625902; 0.2 0.2 0.2
0.5 0.3; 135.5647814 18.54653715 87.49374781; 0.2 0.2 0.2
0.5 0.3; 25.86702818 13.23288414 -96.21491078; 0.2 0.2 0.2
0.5 0.3; 34.02917707 2.18290073 -108.7326248; 0.2 0.2 0.2
0.5 0.3; 135.78657617 0.27740025 92.64225302; 0.2 0.2 0.2
0.5 0.3; 27.37515416 -16.95025967 -94.17639418; 0.2 0.2 0.2
0.5 0.3; 156.58320897 5.77862184 144.29891665; 0.2 0.2 0.2
0.5 0.3; 5.8180236 -3.71005939 -93.98042882; 0.2 0.2 0.2
0.5 0.3; 66.29478322 -26.44999528 -82.72851371; 0.2 0.2 0.2
0.5 0.3; 130.21131712 36.81631067 93.73721647; 0.2 0.2 0.2
0.5 0.3; 24.76950174 -17.97658495 -79.79459368; 0.2 0.2 0.2
0.5 0.3; 63.18050061 -19.79211151 -98.82759762; 0.2 0.2 0.2
0.5 0.3; 63.45020605 -27.62479673 -83.74018148; 0.2 0.2 0.2
0.5 0.3; 15.0120509 -28.01722896 -112.85588701; 0.2 0.2 0.2
0.5 0.3; 22.26126155 -1.07781873 -97.38661305; 0.2 0.2 0.2
0.5 0.3; 154.23936489 5.1388734 110.32212456; 0.2 0.2 0.2
0.5 0.3; 48.71371773 -14.23833005 -96.1087321; 0.2 0.2 0.2
0.5 0.3; 127.36913679 3.65070462 92.41870343; 0.2 0.2 0.2
0.5 0.3; 37.98184744 9.85480662 -101.46445731; 0.2 0.2 0.2
0.5 0.3; 22.77530776 0.837869 -104.4960981; 0.2 0.2 0.2
0.5 0.3; 9.89616696 -16.32604502 -86.04652162; 0.2 0.2 0.2
0.5 0.3; 147.43790989 41.5619341 109.07241147; 0.2 0.2 0.2
0.5 0.3; 153.26058554 41.54975514 109.40014715; 0.2 0.2 0.2
0.5 0.3; 32.26347368 -13.99219489 -71.94601444; 0.2 0.2 0.2
0.5 0.3; 163.96600248 52.66138635 80.23621443; 0.2 0.2 0.2
0.5 0.3; 66.96541735 -56.21348714 -85.79777383; 0.2 0.2 0.2
0.5 0.3; 169.89712843 8.58790486 119.48430074; 0.2 0.2 0.2
0.5 0.3; 153.90671102 24.88146154 148.7625546; 0.2 0.2 0.2
0.5 0.3; -180.0 0.90875499 124.33989909; 0.2 0.2 0.2
0.5 0.3; 157.13560271 15.66796474 89.18955687; 0.2 0.2 0.2
0.5 0.3; 165.05721292 12.31268434 80.42219485; 0.2 0.2 0.2
0.5 0.3; 14.91238996 7.66688584 -84.69872627; 0.2 0.2 0.2
0.5 0.3; 26.28531889 -25.50867668 -124.38402428; 0.2 0.2 0.2
0.5 0.3; 112.06392528 -13.53786468 112.73041191; 0.2 0.2 0.2
0.5 0.3; 27.07727645 -12.53636302 -84.68380909; 0.2 0.2 0.2
0.5 0.3; 92.772101 -30.12258156 134.58159812; 0.2 0.2 0.2
0.5 0.3; 32.8225042 -25.16861391 -80.58532968; 0.2 0.2 0.2
0.5 0.3; 156.42805923 10.65457921 143.53450626; 0.2 0.2 0.2
0.5 0.3; 28.35784127 -4.70193407 -95.63598934; 0.2 0.2 0.2
0.5 0.3; 134.71392966 42.77526393 88.06597642; 0.2 0.2 0.2
0.5 0.3; 168.09325119 55.67409864 67.56706394; 0.2 0.2 0.2
0.5 0.3; 168.17629413 32.42352284 106.71524269; 0.2 0.2 0.2
0.5 0.3; 144.33240581 7.72458231 138.13324757; 0.2 0.2 0.2
0.5 0.3; 154.57280976 41.07839377 93.03427004; 0.2 0.2 0.2
0.5 0.3; 29.16486789 -19.46891559 -76.88808496; 0.2 0.2 0.2
0.5 0.3; 36.81327293 -8.75092891 -65.4394781; 0.2 0.2 0.2
0.5 0.3; 42.57825762 21.80751359 -113.41402517; 0.2 0.2 0.2
0.5 0.3; 156.63555785 26.81998407 88.11343983; 0.2 0.2 0.2
0.5 0.3; 28.55675416 -39.87045375 -101.6030669; 0.2 0.2 0.2
0.5 0.3; 20.37994797 -24.99913159 -96.56617372; 0.2 0.2 0.2
0.5 0.3; 26.977303 -0.20745005 -123.45326744; 0.2 0.2 0.2
0.5 0.3; 153.21926442 49.54816353 107.566419; 0.2 0.2 0.2
0.5 0.3; 49.80190147 -37.44603035 -88.5007241; 0.2 0.2 0.2
0.5 0.3; 51.05219328 -20.49581079 -103.4938129; 0.2 0.2 0.2
0.5 0.3; 30.15039584 -40.40408592 -89.01927286; 0.2 0.2 0.2
0.5 0.3; 3.44871128 -9.83425738 -84.13660909; 0.2 0.2 0.2
0.5 0.3; 8.04602482 -0.24473013 -106.53670544; 0.2 0.2 0.2
0.5 0.3; 29.07579698 -6.40188182 -86.3367143; 0.2 0.2 0.2
0.5 0.3; 37.97263074 -1.08210127 -63.99349527; 0.2 0.2 0.2
0.5 0.3; 169.64594029 19.99805365 110.98698935; 0.2 0.2 0.2
0.5 0.3; 8.8548897 5.49967907 -118.27084634; 0.2 0.2 0.2
0.5 0.3; 16.42447054 14.24991695 -96.49017033; 0.2 0.2 0.2
0.5 0.3; 157.48725887 29.92665445 90.82120061; 0.2 0.2 0.2
0.5 0.3; 146.18354923 54.10957842 116.11890907; 0.2 0.2 0.2
0.5 0.3; 4.07919659 -18.00326093 -81.01715537; 0.2 0.2 0.2
0.5 0.3; 4.24981718 -19.41384457 -96.58513356; 0.2 0.2 0.2
0.5 0.3; 172.51741612 49.0193809 76.39056945; 0.2 0.2 0.2
0.5 0.3; 27.46474325 -8.84565506 -87.69311535; 0.2 0.2 0.2
0.5 0.3; -180.0 10.12333028 108.18909898; 0.2 0.2 0.2
0.5 0.3; 157.46911243 -9.47734789 129.91118999; 0.2 0.2 0.2
0.5 0.3; 51.37633936 -17.2734371 -80.73100635; 0.2 0.2 0.2
0.5 0.3; 144.64055363 42.2514239 74.64364326; 0.2 0.2 0.2
0.5 0.3; 142.84236323 36.65811924 91.86459846; 0.2 0.2 0.2
0.5 0.3; 41.87980498 -28.11549579 -82.96277074; 0.2 0.2 0.2
0.5 0.3; 2.28891943 21.8820613 -100.54043196; 0.2 0.2 0.2
0.5 0.3; 14.23887409 -22.25778429 -114.64147568; 0.2 0.2 0.2
0.5 0.3; 31.82151886 -16.59248213 -86.76757389; 0.2 0.2 0.2
0.5 0.3; 171.21317347 18.28170612 75.36496382; 0.2 0.2 0.2
0.5 0.3; 25.25426106 -13.26389313 -97.30442161; 0.2 0.2 0.2
0.5 0.3; 49.49128022 -44.98933337 -78.30115653; 0.2 0.2 0.2
0.5 0.3; -180.0 30.65848699 92.6156117; 0.2 0.2 0.2
0.5 0.3; 63.54747442 -50.55021448 -96.57296481; 0.2 0.2 0.2
0.5 0.3; 165.26148139 38.9900657 93.30506711; 0.2 0.2 0.2
0.5 0.3; 146.19593479 24.05105959 118.89094995; 0.2 0.2 0.2
0.5 0.3; 148.18908246 6.46011228 97.56507535; 0.2 0.2 0.2
0.5 0.3; -180.0 4.17003896 67.17405868; 0.2 0.2 0.2
0.5 0.3; 175.17639627 27.52263545 95.50926166; 0.2 0.2 0.2
0.5 0.3; 29.71135551 -57.97333103 -65.08787181; 0.2 0.2 0.2
0.5 0.3; 71.12138964 -37.45127073 -56.51291806; 0.2 0.2 0.2
0.5 0.3; 115.5275289 -5.07383735 111.37451528; 0.2 0.2 0.2
0.5 0.3; 128.19151904 37.76648436 137.68672727; 0.2 0.2 0.2
0.5 0.3; -1.19322094 18.76119951 -132.92533644; 0.2 0.2 0.2
0.5 0.3; 22.72383919 -58.19646184 -91.63545174; 0.2 0.2 0.2
0.5 0.3; 45.20023468 -39.59272867 -77.50685396; 0.2 0.2 0.2
0.5 0.3; 54.28162921 -44.26060293 -90.59566793; 0.2 0.2 0.2
0.5 0.3; 59.95720237 -9.06538621 -92.77151588; 0.2 0.2 0.2
0.5 0.3; 175.23985482 11.31899419 122.85201213; 0.2 0.2 0.2
0.5 0.3; 12.84147193 -16.10109871 -122.59126246; 0.2 0.2 0.2
0.5 0.3; 93.50132929 -32.65936677 130.44458593; 0.2 0.2 0.2
0.5 0.3; 6.49830151 -25.34079759 -105.53396238; 0.2 0.2 0.2
0.5 0.3; 30.37508087 4.95476133 -107.10330649; 0.2 0.2 0.2
0.5 0.3; 46.31001962 -26.28637616 -88.14170903; 0.2 0.2 0.2
0.5 0.3; 157.65000635 26.13526148 98.78533685; 0.2 0.2 0.2
0.5 0.3; -180.0 -13.43867187 105.94719835; 0.2 0.2 0.2
0.5 0.3; 162.14774041 17.56103388 96.34845106; 0.2 0.2 0.2
0.5 0.3; 120.20805642 25.73794804 119.47934404; 0.2 0.2 0.2
0.5 0.3; 34.0580053 -25.77974884 -74.87540998; 0.2 0.2 0.2
0.5 0.3; 23.37629361 -42.02051101 -76.5644022; 0.2 0.2 0.2
0.5 0.3; 36.86460048 -29.7824493 -104.38522124; 0.2 0.2 0.2
0.5 0.3; 110.44102843 -55.53935502 135.46719155; 0.2 0.2 0.2
0.5 0.3; 159.398413 13.2653761 140.7243881; 0.2 0.2 0.2
0.5 0.3; 144.30508195 -5.59082043 100.4736318; 0.2 0.2 0.2
0.5 0.3; 65.83768208 -26.44905776 -66.57560255; 0.2 0.2 0.2
0.5 0.3; 162.15038202 18.39532642 89.89628224; 0.2 0.2 0.2
0.5 0.3; 126.74692751 58.69695133 119.81436891; 0.2 0.2 0.2
0.5 0.3; 37.99296585 12.7303346 -85.52778752; 0.2 0.2 0.2
0.5 0.3; 125.025551 26.16422134 132.18170943; 0.2 0.2 0.2
0.5 0.3; 132.42937195 29.66564781 165.0; 0.2 0.2 0.2
0.5 0.3; 148.61719438 58.66140954 94.54618377; 0.2 0.2 0.2
0.5 0.3; 144.72028279 38.74625618 79.07071402; 0.2 0.2 0.2
0.5 0.3; 57.84867587 -54.30959264 -69.66773464; 0.2 0.2 0.2
0.5 0.3; 68.36686465 -40.84213934 -101.23847071; 0.2 0.2 0.2
0.5 0.3; 55.68569084 -27.04951866 -65.33031975; 0.2 0.2 0.2
0.5 0.3; -180.0 4.26695565 114.29493259; 0.2 0.2 0.2
0.5 0.3; 62.96594475 -34.30408022 -90.19563392; 0.2 0.2 0.2
0.5 0.3; 160.22086635 6.09180568 124.08514315; 0.2 0.2 0.2
0.5 0.3; 33.36543252 -48.02669105 -100.16210925; 0.2 0.2 0.2
0.5 0.3; 179.61812349 43.0663128 93.62040814; 0.2 0.2 0.2
0.5 0.3; 27.93737464 1.00424074 -127.95989396; 0.2 0.2 0.2
0.5 0.3; -180.0 3.96576439 88.78775083; 0.2 0.2 0.2
0.5 0.3; 157.74426659 48.44710196 86.46877874; 0.2 0.2 0.2
0.5 0.3; 68.3133321 2.8741264 -65.92232751; 0.2 0.2 0.2
0.5 0.3; 178.18978344 13.00217955 101.73809505; 0.2 0.2 0.2
0.5 0.3; 148.48047494 8.72542693 96.11512832; 0.2 0.2 0.2
0.5 0.3; 161.36669969 -0.41042808 116.47040432; 0.2 0.2 0.2
0.5 0.3; 156.74974044 -0.43912029 119.54423572; 0.2 0.2 0.2
0.5 0.3; 151.52894976 36.97024366 119.65676752; 0.2 0.2 0.2
0.5 0.3; 68.07827788 -36.96960099 -88.15371891; 0.2 0.2 0.2
0.5 0.3; -0.96664234 -18.33704433 -79.43190856; 0.2 0.2 0.2
0.5 0.3; 159.02963116 16.30827815 141.90111931; 0.2 0.2 0.2
0.5 0.3; 152.09583492 46.1923495 94.57992637; 0.2 0.2 0.2
0.5 0.3; 73.67724374 -0.49013669 -79.00920509; 0.2 0.2 0.2
0.5 0.3; 21.59940423 -1.46715623 -136.77506054; 0.2 0.2 0.2
0.5 0.3; 42.2316188 5.23067603 -92.17547749; 0.2 0.2 0.2
0.5 0.3; 134.536172 20.09423113 92.07357738; 0.2 0.2 0.2
0.5 0.3; 43.31860731 -44.12142601 -104.60327655; 0.2 0.2 0.2
0.5 0.3; 41.60079248 -23.86273543 -83.92563768; 0.2 0.2 0.2
0.5 0.3; 134.69829627 1.5681443 113.35137538; 0.2 0.2 0.2
0.5 0.3; 38.923717 -16.32270667 -98.1616093; 0.2 0.2 0.2
0.5 0.3; 161.39364784 55.60500721 65.15444255; 0.2 0.2 0.2
0.5 0.3; 23.97033444 -34.25272781 -97.82524248; 0.2 0.2 0.2
0.5 0.3; 137.50722226 20.33472787 91.46648869; 0.2 0.2 0.2
0.5 0.3; 12.28608691 -13.2574465 -107.9359714; 0.2 0.2 0.2
0.5 0.3; 171.01495199 17.35057257 112.77898022; 0.2 0.2 0.2
0.5 0.3; 19.13274953 -45.15865093 -96.11924329; 0.2 0.2 0.2
0.5 0.3; 149.59471448 33.07964152 128.6276735; 0.2 0.2 0.2
0.5 0.3; -180.0 38.56550516 86.97893137; 0.2 0.2 0.2
0.5 0.3; 33.80826441 -0.17015008 -130.96043678; 0.2 0.2 0.2
0.5 0.3; 11.88673179 -11.63287811 -153.67562179; 0.2 0.2 0.2
0.5 0.3; 171.11924307 -3.26959889 138.34139812; 0.2 0.2 0.2
0.5 0.3; 60.9661391 -17.14991776 -94.77376486; 0.2 0.2 0.2
0.5 0.3; 166.40395052 10.01962377 130.67945604; 0.2 0.2 0.2
0.5 0.3; 166.37354025 23.59588533 133.94380108; 0.2 0.2 0.2
0.5 0.3; 152.61627521 31.50575592 143.33446078; 0.2 0.2 0.2
0.5 0.3; 172.45978204 15.04724777 141.59542962; 0.2 0.2 0.2
0.5 0.3; 149.72345148 35.30687523 58.41803334; 0.2 0.2 0.2
0.5 0.3; 166.56367395 20.26684428 75.67978835; 0.2 0.2 0.2
0.5 0.3; 62.31615671 -72.34698767 -55.20143252; 0.2 0.2 0.2
0.5 0.3; 162.40265211 22.27480878 153.04468359; 0.2 0.2 0.2
0.5 0.3; 135.86373225 33.31695882 108.27529204; 0.2 0.2 0.2
0.5 0.3; 7.25502882 -13.40036547 -95.81167648; 0.2 0.2 0.2
0.5 0.3; 159.42417294 -7.83681441 129.6841829; 0.2 0.2 0.2
0.5 0.3; 138.90516057 9.5959242 102.93891261; 0.2 0.2 0.2
0.5 0.3; 163.61206971 3.03968993 108.46648085; 0.2 0.2 0.2
0.5 0.3; 138.11288025 51.9689779 97.0221769; 0.2 0.2 0.2
0.5 0.3; 173.7911645 35.8190934 100.84613845; 0.2 0.2 0.2
0.5 0.3; 150.65167895 -9.03230334 143.30034381; 0.2 0.2 0.2
0.5 0.3; 141.54339407 44.95217531 109.78670023; 0.2 0.2 0.2
0.5 0.3; 60.88735454 -30.90955092 -88.96208854; 0.2 0.2 0.2
0.5 0.3; 133.94020379 30.65788186 99.815018; 0.2 0.2 0.2
0.5 0.3; 43.66633599 12.93510558 -117.41398486; 0.2 0.2 0.2
0.5 0.3; -180.0 5.00698434 78.92851051; 0.2 0.2 0.2
0.5 0.3; 62.48877003 -34.76494233 -88.57770514; 0.2 0.2 0.2
0.5 0.3; 161.42036243 51.6040884 37.79345638; 0.2 0.2 0.2
0.5 0.3; 23.68018222 -10.04958345 -75.78713092; 0.2 0.2 0.2
0.5 0.3; 8.51234205 -20.68117964 -112.35921445; 0.2 0.2 0.2
0.5 0.3; 35.84521855 -22.53295692 -64.22891082; 0.2 0.2 0.2
0.5 0.3; 60.01652678 -34.25288967 -45.9288266; 0.2 0.2 0.2
0.5 0.3; 133.76404839 30.44408783 112.03123615; 0.2 0.2 0.2
0.5 0.3; 145.65694719 11.56756485 90.23953387; 0.2 0.2 0.2
0.5 0.3; 146.25020789 3.8432631 95.75827412; 0.2 0.2 0.2
0.5 0.3; 21.26756706 -37.86803641 -101.89647736; 0.2 0.2 0.2
0.5 0.3; 156.35410256 18.52912765 93.56352443; 0.2 0.2 0.2
0.5 0.3; 156.92579375 49.58436517 97.63210976; 0.2 0.2 0.2
0.5 0.3; 7.88503794 -50.23731022 -81.40230022; 0.2 0.2 0.2
0.5 0.3; 142.32112338 10.17141265 90.84711099; 0.2 0.2 0.2
0.5 0.3; 115.53842321 25.5948367 102.59657711; 0.2 0.2 0.2
0.5 0.3; 57.41628771 0.39909621 -118.11727456; 0.2 0.2 0.2
0.5 0.3; 14.3657996 -30.60029426 -78.34906872; 0.2 0.2 0.2
0.5 0.3; 135.55792583 7.11723699 130.28400447; 0.2 0.2 0.2
0.5 0.3; 41.82827646 7.31377757 -109.87874353; 0.2 0.2 0.2
0.5 0.3; 27.81433853 10.12268689 -107.56063567; 0.2 0.2 0.2
0.5 0.3; 65.20918098 -31.76374903 -49.35755035; 0.2 0.2 0.2
0.5 0.3; 149.39955455 -3.0170501 124.64937771; 0.2 0.2 0.2
0.5 0.3; 31.55897988 -52.47256333 -82.73853785; 0.2 0.2 0.2
0.5 0.3; 153.59331467 44.40629029 107.73245389; 0.2 0.2 0.2
0.5 0.3; 9.36051028 -31.69511167 -83.57463448; 0.2 0.2 0.2
0.5 0.3; 77.12980391 -49.25204081 136.15762854; 0.2 0.2 0.2
0.5 0.3; 16.64272624 -32.73703602 -42.4853674; 0.2 0.2 0.2
0.5 0.3; 174.2219283 32.17741302 84.66952041; 0.2 0.2 0.2
0.5 0.3; 30.52124255 -12.43667449 -89.5807833; 0.2 0.2 0.2
0.5 0.3; 179.75066708 -18.56276749 125.33080984; 0.2 0.2 0.2
0.5 0.3; 151.79604283 18.71479973 147.78218737; 0.2 0.2 0.2
0.5 0.3; 132.29691529 -13.3102845 111.99968228; 0.2 0.2 0.2
0.5 0.3; 147.20175344 54.97790986 53.78325906; 0.2 0.2 0.2
0.5 0.3; 136.01747895 8.6768622 156.00563596; 0.2 0.2 0.2
0.5 0.3; 147.13659681 25.10372554 123.09131429; 0.2 0.2 0.2
0.5 0.3; 9.94738599 -15.58668206 -76.71624112; 0.2 0.2 0.2
0.5 0.3; -180.0 29.00543855 88.12874517; 0.2 0.2 0.2
0.5 0.3; -180.0 25.01181609 107.1527154; 0.2 0.2 0.2
0.5 0.3; 32.33518783 -30.62724811 -77.22999021; 0.2 0.2 0.2
0.5 0.3; 2.09376495 -43.28392432 -79.70045812; 0.2 0.2 0.2
0.5 0.3; 47.86010648 -45.30308473 -86.68937047; 0.2 0.2 0.2
0.5 0.3; 179.2629124 11.20434398 86.13644069; 0.2 0.2 0.2
0.5 0.3; 56.4852054 -34.56039397 -109.92661809; 0.2 0.2 0.2
0.5 0.3; 60.67296579 -44.65341737 -70.1175983; 0.2 0.2 0.2
0.5 0.3; 55.98310633 -31.33757634 -82.0568238; 0.2 0.2 0.2
0.5 0.3; 150.10922721 -5.44428021 75.17955038; 0.2 0.2 0.2
0.5 0.3; 24.79014537 -4.1377628 -78.24596463; 0.2 0.2 0.2
0.5 0.3; -180.0 16.13784355 114.41415471; 0.2 0.2 0.2
0.5 0.3; 29.43244292 -45.03238612 -93.30872871; 0.2 0.2 0.2
0.5 0.3; 62.38665272 -31.63106467 -125.82157338; 0.2 0.2 0.2
0.5 0.3; 52.48974197 2.00703692 -100.7950352; 0.2 0.2 0.2
0.5 0.3; 53.51196424 -18.30527036 -103.94966596; 0.2 0.2 0.2
0.5 0.3; 160.57188573 -2.38360024 132.5112443; 0.2 0.2 0.2
0.5 0.3; 175.30512347 26.93132879 130.30759261; 0.2 0.2 0.2
0.5 0.3; 155.69443334 7.29409243 122.54933778; 0.2 0.2 0.2
0.5 0.3; 158.83259822 26.5344798 82.96340186; 0.2 0.2 0.2
0.5 0.3; 50.28038022 -4.74681774 -92.8501815; 0.2 0.2 0.2
0.5 0.3; 153.17139035 33.0758267 92.36451725; 0.2 0.2 0.2
0.5 0.3; 150.07114966 54.18420265 42.36545788; 0.2 0.2 0.2
0.5 0.3; 143.61566857 33.33346037 82.03703438; 0.2 0.2 0.2
0.5 0.3; 154.57432055 17.98064937 110.92251959; 0.2 0.2 0.2
0.5 0.3; 38.86180014 -31.59384564 -109.09675487; 0.2 0.2 0.2
0.5 0.3; 31.99000907 -1.10045134 -90.61316967; 0.2 0.2 0.2
0.5 0.3; 15.59020137 -25.22778668 -129.2330432; 0.2 0.2 0.2
0.5 0.3; 126.51563444 23.08793881 92.60243691; 0.2 0.2 0.2
0.5 0.3; 22.78995528 -6.66640891 -106.739404; 0.2 0.2 0.2
0.5 0.3; 164.5265255 -4.56429868 125.82446792; 0.2 0.2 0.2
0.5 0.3; 18.83350408 -15.36881445 -73.03804372; 0.2 0.2 0.2
0.5 0.3; 125.96819796 -12.56146142 127.64638281; 0.2 0.2 0.2
0.5 0.3; 2.54473778 8.00182761 -110.08889129; 0.2 0.2 0.2
0.5 0.3; 40.31930186 -68.26677916 -49.6539304; 0.2 0.2 0.2
0.5 0.3; 4.73285444 -5.85348838 -66.07145063; 0.2 0.2 0.2
0.5 0.3; 26.04465479 -14.73326148 -148.63238701; 0.2 0.2 0.2
0.5 0.3; 132.6506894 -5.95107669 80.02086237; 0.2 0.2 0.2
0.5 0.3; 155.45197278 31.99410949 88.47063103; 0.2 0.2 0.2
0.5 0.3; 46.13043738 0.57402672 -126.90102089; 0.2 0.2 0.2
0.5 0.3; 27.46317169 -40.83759587 -67.17376986; 0.2 0.2 0.2
0.5 0.3; 21.87061948 -7.75602213 -103.73474148; 0.2 0.2 0.2
0.5 0.3; 30.72328089 -43.89827842 -65.17769037; 0.2 0.2 0.2
0.5 0.3; 50.0347614 -45.06067315 -102.79189508; 0.2 0.2 0.2
0.5 0.3; 40.9908619 -53.56195796 -57.45002474; 0.2 0.2 0.2
0.5 0.3; 165.46483735 14.8699371 152.55153089; 0.2 0.2 0.2
0.5 0.3; 155.01321529 19.04346483 115.66250939; 0.2 0.2 0.2
0.5 0.3; 6.34287917 -18.82952846 -62.77000887; 0.2 0.2 0.2
0.5 0.3; 149.52217134 35.68340079 98.90721368; 0.2 0.2 0.2
0.5 0.3; 73.26872586 -45.49016305 -74.31074931; 0.2 0.2 0.2
0.5 0.3; 148.7241228 9.2053979 92.45788521; 0.2 0.2 0.2
0.5 0.3; -0.56356356 -15.41460648 -110.34940538; 0.2 0.2 0.2
0.5 0.3; 158.75965151 36.63658807 75.66777325; 0.2 0.2 0.2
0.5 0.3; -180.0 22.49485839 116.23074952; 0.2 0.2 0.2
0.5 0.3; 9.48332398 -2.92859363 -113.83337256; 0.2 0.2 0.2
0.5 0.3; 150.07465165 17.99280068 148.9420016; 0.2 0.2 0.2
0.5 0.3; 84.57366024 -64.97561758 -94.65683989; 0.2 0.2 0.2
0.5 0.3; 135.46310794 22.67499327 160.34216323; 0.2 0.2 0.2
0.5 0.3; 168.23527956 36.4432943 95.59865347; 0.2 0.2 0.2
0.5 0.3; 25.57567471 -11.12790986 -155.21585223; 0.2 0.2 0.2
0.5 0.3; 20.47646785 -29.17038023 -83.51423648; 0.2 0.2 0.2
0.5 0.3; 160.0483382 11.2039547 108.20603586; 0.2 0.2 0.2
0.5 0.3; 30.17956846 -17.47404374 -117.62383822; 0.2 0.2 0.2
0.5 0.3; 134.28751059 9.526671 77.81534828; 0.2 0.2 0.2
0.5 0.3; 142.24848984 -16.95226765 124.04519549; 0.2 0.2 0.2
0.5 0.3; 158.49158342 29.72984663 61.20886286; 0.2 0.2 0.2
0.5 0.3; 15.94335648 -17.33834 -86.24618542; 0.2 0.2 0.2
0.5 0.3; 135.02796639 13.64349372 111.62418189; 0.2 0.2 0.2
0.5 0.3; 80.6632505 -55.17497663 -118.87576552; 0.2 0.2 0.2
0.5 0.3; 29.89574577 -9.70266837 -83.06734641; 0.2 0.2 0.2
0.5 0.3; 131.05903464 46.22699706 115.54003959; 0.2 0.2 0.2
0.5 0.3; 125.37194749 18.13111182 89.30337801; 0.2 0.2 0.2
0.5 0.3; 23.64520167 8.96807955 -124.32443308; 0.2 0.2 0.2
0.5 0.3; 155.3485798 -19.0046291 94.60358094; 0.2 0.2 0.2
0.5 0.3; 64.02220449 -40.69384446 -87.40891207; 0.2 0.2 0.2
0.5 0.3; 117.09036723 -1.43535084 138.02163567; 0.2 0.2 0.2
0.5 0.3; 50.28380247 -61.40229596 -96.10953806; 0.2 0.2 0.2
0.5 0.3; 171.99413726 13.75108564 90.25599373; 0.2 0.2 0.2
0.5 0.3; 7.35822837 -33.6906889 -125.68322941; 0.2 0.2 0.2
0.5 0.3; -180.0 36.38422066 79.6858567; 0.2 0.2 0.2
0.5 0.3; 67.97002231 -2.64048878 -123.01045037; 0.2 0.2 0.2
0.5 0.3; 120.62889095 33.64345266 78.53281922; 0.2 0.2 0.2
0.5 0.3; 5.78557877 9.82764621 -137.67736294; 0.2 0.2 0.2
0.5 0.3; 35.51667616 -38.31427922 -81.9563481; 0.2 0.2 0.2
0.5 0.3; 141.39937705 13.14937569 129.10705419; 0.2 0.2 0.2
0.5 0.3; 22.65795608 -16.72811176 -69.5732695; 0.2 0.2 0.2
0.5 0.3; 42.08857408 -12.35136735 -91.50400486; 0.2 0.2 0.2
0.5 0.3; 125.93724695 4.52372471 107.33343455; 0.2 0.2 0.2
0.5 0.3; 55.26944996 -16.32367327 -106.87931366; 0.2 0.2 0.2
0.5 0.3; 37.29654607 10.87405619 -127.01908993; 0.2 0.2 0.2
0.5 0.3; 54.8010821 -24.57545751 -53.0722721; 0.2 0.2 0.2
0.5 0.3; 48.95459479 -5.85674523 -97.51510416; 0.2 0.2 0.2
0.5 0.3; 73.5019237 0.7284572 -61.99344985; 0.2 0.2 0.2
0.5 0.3; 169.92777573 34.8211118 110.40086018; 0.2 0.2 0.2
0.5 0.3; 97.60895785 19.64975786 141.9836774; 0.2 0.2 0.2
0.5 0.3; 139.31773648 18.42871173 122.16271645; 0.2 0.2 0.2
0.5 0.3; 165.7617899 6.6115724 122.56982738; 0.2 0.2 0.2
0.5 0.3; 18.14883143 8.10374707 -109.36004293; 0.2 0.2 0.2
0.5 0.3; 47.51572786 -27.71772563 -91.22649549; 0.2 0.2 0.2
0.5 0.3; 142.21964113 -2.5483462 97.51852339; 0.2 0.2 0.2
0.5 0.3; 46.14506573 -34.58930005 -117.69104272; 0.2 0.2 0.2
0.5 0.3; 140.76151519 21.58214938 123.88734649; 0.2 0.2 0.2
0.5 0.3; 20.22067837 -34.36142096 -121.64248781; 0.2 0.2 0.2
0.5 0.3; 9.9185492 1.0142877 -104.27858563; 0.2 0.2 0.2
0.5 0.3; 46.86862516 0.99439084 -137.36228522; 0.2 0.2 0.2
0.5 0.3; 26.51747405 -15.89668461 -148.51273471; 0.2 0.2 0.2
0.5 0.3; 35.43658103 -2.05718282 -79.6124324; 0.2 0.2 0.2
0.5 0.3; 66.7341707 -49.25805415 -102.76864713; 0.2 0.2 0.2
0.5 0.3; 71.70538911 -59.82469444 -95.21026001; 0.2 0.2 0.2
0.5 0.3; 11.07765682 -4.15090856 -113.82759855; 0.2 0.2 0.2
0.5 0.3; 27.60348267 -7.50764915 -78.36006538; 0.2 0.2 0.2
0.5 0.3; 10.92650221 -2.72549731 -93.6658263; 0.2 0.2 0.2
0.5 0.3; 51.29873749 -19.9703491 -60.34614899; 0.2 0.2 0.2
0.5 0.3; 121.53267968 -19.79646734 65.64538242; 0.2 0.2 0.2
0.5 0.3; 158.54762344 58.87667871 85.24059457; 0.2 0.2 0.2
0.5 0.3; 28.11242533 3.0674744 -84.76302697; 0.2 0.2 0.2
0.5 0.3; 18.45895978 -6.37461246 -119.12013264; 0.2 0.2 0.2
0.5 0.3; 16.12539263 1.03866809 -72.89648531; 0.2 0.2 0.2
0.5 0.3; 179.27014827 21.34708627 92.24719462; 0.2 0.2 0.2
0.5 0.3; 31.82911817 -42.52677266 -115.49909778; 0.2 0.2 0.2
0.5 0.3; 137.06092732 45.88706916 72.58490172; 0.2 0.2 0.2
0.5 0.3; 36.71083566 -31.37194345 -77.83948011; 0.2 0.2 0.2
0.5 0.3; 175.97549458 -0.67919048 141.37698994; 0.2 0.2 0.2
0.5 0.3; 120.16276253 -8.77994264 128.6824509; 0.2 0.2 0.2
0.5 0.3; -180.0 20.9587936 65.34708904; 0.2 0.2 0.2
0.5 0.3; 178.05316319 16.15638193 86.96942374; 0.2 0.2 0.2
0.5 0.3; 35.84034381 -25.30672405 -72.22845704; 0.2 0.2 0.2
0.5 0.3; 134.23198759 -3.88976312 95.28518431; 0.2 0.2 0.2